3.937941984588462230e-01
5.442897023021748826e-01
9.205284619104965316e-01
1.146271717675489521e+00
1.522510477283811170e+00
1.673005981127139830e+00
1.973996988813796927e+00
2.049244740735461257e+00
2.199740244578790360e+00
2.425483500343783128e+00
2.500731252265447679e+00
2.651226756108775895e+00
2.726474508030440447e+00
2.952217763795433214e+00
3.102713267638762318e+00
3.253208771482090533e+00
3.328456523403755085e+00
3.403704275325419637e+00
3.478952027247083301e+00
3.554199779168748741e+00
3.629447531090412404e+00
4.682916057993713466e+00
4.758163809915377129e+00
4.983907065680369897e+00
5.134402569523699000e+00
5.209650321445362664e+00
5.284898073367027216e+00
5.661136832975349087e+00
5.886880088740341854e+00
6.037375592583670958e+00
6.112623344505334622e+00
6.639357607956985596e+00
6.714605359878649260e+00
7.015596367565307467e+00
7.241339623330300235e+00
7.768073886781950321e+00
7.918569390625278537e+00
7.993817142546943977e+00
8.219560398311935856e+00
8.294808150233601296e+00
8.671046909841923167e+00
8.746294661763588607e+00
9.649267684823559676e+00
9.724515436745223340e+00
9.799763188666887004e+00
9.875010940588552444e+00
9.950258692510217884e+00
1.032649745211853798e+01
1.055224070788353075e+01
1.092847946749185262e+01
1.107897497133518172e+01
1.115422272325684538e+01
1.137996597902183993e+01
1.153046148286516726e+01
1.160570923478683092e+01
1.168095698670849636e+01
1.220769125016014733e+01
1.258393000976846743e+01
1.265917776169013287e+01
1.296016876937678930e+01
1.303541652129845474e+01
1.311066427322012018e+01
1.333640752898511117e+01
1.378789404051509848e+01
1.386314179243676215e+01
1.416413280012341858e+01
1.431462830396674768e+01
1.438987605588841312e+01
1.446512380781007501e+01
1.476611481549673499e+01
1.521760132702671875e+01
1.536809683087004963e+01
1.581958334240003339e+01
1.589483109432169883e+01
1.597007884624336249e+01
1.604532659816502616e+01
1.627106985393002248e+01
1.634631760585168436e+01
1.642156535777334980e+01
1.657206086161667713e+01
1.664730861353834257e+01
1.679780411738166990e+01
1.687305186930333534e+01
1.694829962122499722e+01
1.702354737314666266e+01
1.709879512506832810e+01
1.717404287698999354e+01
1.747503388467664820e+01
1.777602489236330641e+01
1.800176814812830273e+01
1.815226365197163005e+01
1.852850241157995015e+01
1.875424566734494292e+01
1.882949341926660836e+01
1.890474117118827380e+01
1.973246644232657943e+01
1.988296194616991031e+01
1.995820969809157219e+01
2.018395295385656496e+01
2.040969620962155773e+01
2.048494396154322317e+01
2.063543946538655405e+01
2.078593496922988137e+01
2.086118272115154326e+01
2.093643047307320870e+01
2.123742148075986691e+01
2.138791698460319424e+01
2.146316473652485968e+01
2.153841248844652512e+01
2.176415574421151788e+01
2.183940349613317977e+01
2.198989899997650710e+01
2.214039450381983798e+01
2.251663326342816163e+01
2.259188101534982351e+01
2.274237651919315084e+01
2.289287202303648172e+01
2.357010179033146002e+01
2.432257930954810377e+01
2.447307481339143465e+01
2.469881806915642386e+01
2.499980907684308207e+01
2.515030458068641295e+01
2.522555233260807839e+01
2.530080008452973672e+01
2.545129558837306760e+01
2.552654334029473304e+01
2.575228659605972581e+01
2.582753434798139125e+01
2.597802985182472213e+01
2.605327760374638046e+01
2.635426861143304222e+01
2.658001186719803499e+01
2.695625062680635509e+01
2.733248938641467873e+01
2.740773713833634062e+01
2.755823264217966795e+01
2.763348039410133339e+01
2.770872814602299883e+01
2.816021465755298436e+01
2.831071016139631169e+01
2.838595791331797713e+01
2.846120566523964257e+01
2.853645341716130801e+01
2.876219667292629723e+01
2.891269217676962811e+01
2.898793992869129355e+01
2.906318768061295543e+01
2.936417868829961719e+01
2.966516969598627185e+01
2.996616070367293005e+01
3.004140845559459549e+01
3.011665620751626093e+01
3.019190395943791927e+01
3.026715171135958471e+01
3.034239946328125015e+01
3.064339047096790480e+01
3.071863822288957024e+01
3.079388597481123568e+01
3.086913372673290112e+01
3.109487698249789389e+01
3.124537248634122477e+01
3.147111574210621399e+01
3.199785000555786851e+01
3.229884101324452672e+01
3.252458426900951594e+01
3.259983202093118138e+01
3.275032752477451226e+01
3.282557527669617059e+01
3.297607078053950147e+01
3.312656628438283235e+01
3.320181403630449068e+01
3.327706178822615612e+01
3.335230954014782156e+01
3.342755729206948700e+01
3.372854829975614166e+01
3.395429155552113798e+01
3.425528256320779974e+01
3.433053031512945807e+01
3.448102581897278895e+01
3.463152132281611983e+01
3.470676907473777817e+01
3.478201682665944361e+01
3.508300783434609826e+01
3.515825558626776370e+01
3.538399884203276002e+01
3.553449434587609090e+01
3.560974209779775634e+01
3.568498984971942178e+01
3.621172411317106565e+01
3.651271512085772741e+01
3.658796287277938575e+01
3.666321062470105119e+01
3.673845837662271663e+01
3.711469713623103672e+01
3.741568814391769848e+01
3.749093589583936392e+01
3.756618364776102936e+01
3.764143139968269480e+01
3.771667915160435314e+01
