2.430004746240403080e+00
2.430004746240403080e+00
2.430004746240403080e+00
2.430004746240403080e+00
2.430004746240403080e+00
2.430004746240403080e+00
2.430004746240403080e+00
2.430004746240403080e+00
2.430004746240403080e+00
2.430004746240403080e+00
2.430004746240403080e+00
2.430004746240403080e+00
2.430004746240403080e+00
2.430004746240403080e+00
4.451168650572402186e+00
7.067437128551190995e+00
8.375571367540580070e+00
9.683705606529978027e+00
1.099183984551936710e+01
1.229997408450876506e+01
1.360810832349815414e+01
3.192198766934965803e+01
3.323012190833905066e+01
3.715452462530721789e+01
3.977079310328601025e+01
4.107892734227539222e+01
4.238706158126480261e+01
4.892773277621176931e+01
5.285213549317994364e+01
5.546840397115872179e+01
5.677653821014811797e+01
6.593347788307386281e+01
6.724161212206325899e+01
7.247414907802082951e+01
7.639855179498903226e+01
8.555549146791474868e+01
8.817175994589354104e+01
8.947989418488293722e+01
9.340429690185111156e+01
9.471243114084049353e+01
1.012531023357874744e+02
1.025612365747768706e+02
1.182588474426495821e+02
1.195669816816389641e+02
1.208751159206283603e+02
1.221832501596177565e+02
1.234913843986071527e+02
1.300320555935541336e+02
1.339564583105222937e+02
1.404971295054692462e+02
1.431133979834480670e+02
1.444215322224374347e+02
1.483459349394056233e+02
1.509622034173843872e+02
1.522703376563737834e+02
1.535784718953631796e+02
1.627354115682889528e+02
1.692760827632358769e+02
1.705842170022253015e+02
1.758167539581828578e+02
1.771248881971722540e+02
1.784330224361616786e+02
1.823574251531298103e+02
1.902062305870661874e+02
1.915143648260556120e+02
1.967469017820131683e+02
1.993631702599919322e+02
2.006713044989813568e+02
2.019794387379706961e+02
2.072119756939282809e+02
2.150607811278646295e+02
2.176770496058434503e+02
2.255258550397797990e+02
2.268339892787691952e+02
2.281421235177585629e+02
2.294502577567479591e+02
2.333746604737161761e+02
2.346827947127055154e+02
2.359909289516949400e+02
2.386071974296737039e+02
2.399153316686631001e+02
2.425316001466419209e+02
2.438397343856312887e+02
2.451478686246206848e+02
2.464560028636100810e+02
2.477641371025994772e+02
2.490722713415888734e+02
2.543048082975464013e+02
2.595373452535040428e+02
2.634617479704722314e+02
2.660780164484510237e+02
2.726186876433979478e+02
2.765430903603661363e+02
2.778512245993554757e+02
2.791593588383448719e+02
2.935488354672282298e+02
2.961651039452070222e+02
2.974732381841964184e+02
3.013976409011645501e+02
3.053220436181327955e+02
3.066301778571221348e+02
3.092464463351009840e+02
3.118627148130797195e+02
3.131708490520690589e+02
3.144789832910585119e+02
3.197115202470160398e+02
3.223277887249948321e+02
3.236359229639842852e+02
3.249440572029736245e+02
3.288684599199418130e+02
3.301765941589312092e+02
3.327928626369100016e+02
3.354091311148887939e+02
3.419498023098357748e+02
3.432579365488251710e+02
3.458742050268039634e+02
3.484904735047828126e+02
3.602636816556872645e+02
3.733450240455812263e+02
3.759612925235600756e+02
3.798856952405281504e+02
3.851182321964856783e+02
3.877345006744645275e+02
3.890426349134539237e+02
3.903507691524432062e+02
3.929670376304220554e+02
3.942751718694115084e+02
3.981995745863796401e+02
3.995077088253690363e+02
4.021239773033478855e+02
4.034321115423371680e+02
4.086646484982948664e+02
4.125890512152629412e+02
4.191297224102099790e+02
4.256703936051569030e+02
4.269785278441462992e+02
4.295947963221250916e+02
4.309029305611144878e+02
4.322110648001038271e+02
4.400598702340402610e+02
4.426761387120189397e+02
4.439842729510083927e+02
4.452924071899977889e+02
4.466005414289872419e+02
4.505249441459553168e+02
4.531412126239341660e+02
4.544493468629235622e+02
4.557574811019129015e+02
4.609900180578705431e+02
4.662225550138281278e+02
4.714550919697856557e+02
4.727632262087750519e+02
4.740713604477645049e+02
4.753794946867537305e+02
4.766876289257432404e+02
4.779957631647325798e+02
4.832283001206901645e+02
4.845364343596796175e+02
4.858445685986690137e+02
4.871527028376584099e+02
4.910771055546265416e+02
4.936933740326053908e+02
4.976177767495734656e+02
5.067747164224993526e+02
5.120072533784568805e+02
5.159316560954250690e+02
5.172397903344144652e+02
5.198560588123932575e+02
5.211641930513826537e+02
5.237804615293614461e+02
5.263967300073402384e+02
5.277048642463296346e+02
5.290129984853189171e+02
5.303211327243084270e+02
5.316292669632978232e+02
5.368618039192554079e+02
5.407862066362235964e+02
5.460187435921811812e+02
5.473268778311704637e+02
5.499431463091493697e+02
5.525594147871281621e+02
5.538675490261173309e+02
5.551756832651068407e+02
5.604082202210643118e+02
5.617163544600538216e+02
5.656407571770220102e+02
5.682570256550008025e+02
5.695651598939901987e+02
5.708732941329794812e+02
5.800302338059052545e+02
5.852627707618630666e+02
5.865709050008522354e+02
5.878790392398416316e+02
5.891871734788310278e+02
5.957278446737780087e+02
6.009603816297355934e+02
6.022685158687249896e+02
6.035766501077143857e+02
6.048847843467038956e+02
6.061929185856931781e+02
